{
 "cells": [
  {
   "cell_type": "code",
   "execution_count": 1,
   "id": "dd1e9ce9-1998-4aac-9715-7db99a1df9b8",
   "metadata": {},
   "outputs": [],
   "source": [
    "# editing walkability dataset\n",
    "import pandas as pd\n",
    "import numpy as np\n",
    "\n",
    "df = pd.read_csv('EPA_Walkability.csv')"
   ]
  },
  {
   "cell_type": "code",
   "execution_count": 2,
   "id": "1fa1924f-7e4f-4ee1-a3d0-afd5137295fe",
   "metadata": {},
   "outputs": [
    {
     "data": {
      "text/html": [
       "<div>\n",
       "<style scoped>\n",
       "    .dataframe tbody tr th:only-of-type {\n",
       "        vertical-align: middle;\n",
       "    }\n",
       "\n",
       "    .dataframe tbody tr th {\n",
       "        vertical-align: top;\n",
       "    }\n",
       "\n",
       "    .dataframe thead th {\n",
       "        text-align: right;\n",
       "    }\n",
       "</style>\n",
       "<table border=\"1\" class=\"dataframe\">\n",
       "  <thead>\n",
       "    <tr style=\"text-align: right;\">\n",
       "      <th></th>\n",
       "      <th>OBJECTID</th>\n",
       "      <th>GEOID10</th>\n",
       "      <th>GEOID20</th>\n",
       "      <th>STATEFP</th>\n",
       "      <th>COUNTYFP</th>\n",
       "      <th>TRACTCE</th>\n",
       "      <th>BLKGRPCE</th>\n",
       "      <th>CSA</th>\n",
       "      <th>CSA_Name</th>\n",
       "      <th>CBSA</th>\n",
       "      <th>...</th>\n",
       "      <th>D5DRI</th>\n",
       "      <th>D5DE</th>\n",
       "      <th>D5DEI</th>\n",
       "      <th>D2A_Ranked</th>\n",
       "      <th>D2B_Ranked</th>\n",
       "      <th>D3B_Ranked</th>\n",
       "      <th>D4A_Ranked</th>\n",
       "      <th>NatWalkInd</th>\n",
       "      <th>Shape_Length</th>\n",
       "      <th>Shape_Area</th>\n",
       "    </tr>\n",
       "  </thead>\n",
       "  <tbody>\n",
       "    <tr>\n",
       "      <th>0</th>\n",
       "      <td>1</td>\n",
       "      <td>4.811300e+11</td>\n",
       "      <td>4.811300e+11</td>\n",
       "      <td>48</td>\n",
       "      <td>113</td>\n",
       "      <td>7825</td>\n",
       "      <td>4</td>\n",
       "      <td>206.0</td>\n",
       "      <td>Dallas-Fort Worth, TX-OK</td>\n",
       "      <td>19100.0</td>\n",
       "      <td>...</td>\n",
       "      <td>0.184697</td>\n",
       "      <td>0.000476</td>\n",
       "      <td>0.137707</td>\n",
       "      <td>6</td>\n",
       "      <td>14</td>\n",
       "      <td>15</td>\n",
       "      <td>17</td>\n",
       "      <td>14.000000</td>\n",
       "      <td>3110.360820</td>\n",
       "      <td>2.978361e+05</td>\n",
       "    </tr>\n",
       "    <tr>\n",
       "      <th>1</th>\n",
       "      <td>2</td>\n",
       "      <td>4.811300e+11</td>\n",
       "      <td>4.811300e+11</td>\n",
       "      <td>48</td>\n",
       "      <td>113</td>\n",
       "      <td>7825</td>\n",
       "      <td>2</td>\n",
       "      <td>206.0</td>\n",
       "      <td>Dallas-Fort Worth, TX-OK</td>\n",
       "      <td>19100.0</td>\n",
       "      <td>...</td>\n",
       "      <td>0.323221</td>\n",
       "      <td>0.000801</td>\n",
       "      <td>0.231868</td>\n",
       "      <td>3</td>\n",
       "      <td>10</td>\n",
       "      <td>12</td>\n",
       "      <td>14</td>\n",
       "      <td>10.833333</td>\n",
       "      <td>3519.469110</td>\n",
       "      <td>4.849451e+05</td>\n",
       "    </tr>\n",
       "    <tr>\n",
       "      <th>2</th>\n",
       "      <td>3</td>\n",
       "      <td>4.811300e+11</td>\n",
       "      <td>4.811300e+11</td>\n",
       "      <td>48</td>\n",
       "      <td>113</td>\n",
       "      <td>7825</td>\n",
       "      <td>3</td>\n",
       "      <td>206.0</td>\n",
       "      <td>Dallas-Fort Worth, TX-OK</td>\n",
       "      <td>19100.0</td>\n",
       "      <td>...</td>\n",
       "      <td>0.314628</td>\n",
       "      <td>0.000736</td>\n",
       "      <td>0.213146</td>\n",
       "      <td>1</td>\n",
       "      <td>1</td>\n",
       "      <td>7</td>\n",
       "      <td>17</td>\n",
       "      <td>8.333333</td>\n",
       "      <td>1697.091802</td>\n",
       "      <td>1.067059e+05</td>\n",
       "    </tr>\n",
       "    <tr>\n",
       "      <th>3</th>\n",
       "      <td>4</td>\n",
       "      <td>4.811300e+11</td>\n",
       "      <td>4.811300e+11</td>\n",
       "      <td>48</td>\n",
       "      <td>113</td>\n",
       "      <td>7824</td>\n",
       "      <td>1</td>\n",
       "      <td>206.0</td>\n",
       "      <td>Dallas-Fort Worth, TX-OK</td>\n",
       "      <td>19100.0</td>\n",
       "      <td>...</td>\n",
       "      <td>0.229821</td>\n",
       "      <td>0.000708</td>\n",
       "      <td>0.205018</td>\n",
       "      <td>16</td>\n",
       "      <td>10</td>\n",
       "      <td>17</td>\n",
       "      <td>17</td>\n",
       "      <td>15.666667</td>\n",
       "      <td>2922.609204</td>\n",
       "      <td>4.818284e+05</td>\n",
       "    </tr>\n",
       "    <tr>\n",
       "      <th>4</th>\n",
       "      <td>5</td>\n",
       "      <td>4.811300e+11</td>\n",
       "      <td>4.811300e+11</td>\n",
       "      <td>48</td>\n",
       "      <td>113</td>\n",
       "      <td>7824</td>\n",
       "      <td>2</td>\n",
       "      <td>206.0</td>\n",
       "      <td>Dallas-Fort Worth, TX-OK</td>\n",
       "      <td>19100.0</td>\n",
       "      <td>...</td>\n",
       "      <td>0.164863</td>\n",
       "      <td>0.000433</td>\n",
       "      <td>0.125296</td>\n",
       "      <td>4</td>\n",
       "      <td>7</td>\n",
       "      <td>11</td>\n",
       "      <td>14</td>\n",
       "      <td>10.166667</td>\n",
       "      <td>3731.971773</td>\n",
       "      <td>6.876848e+05</td>\n",
       "    </tr>\n",
       "    <tr>\n",
       "      <th>...</th>\n",
       "      <td>...</td>\n",
       "      <td>...</td>\n",
       "      <td>...</td>\n",
       "      <td>...</td>\n",
       "      <td>...</td>\n",
       "      <td>...</td>\n",
       "      <td>...</td>\n",
       "      <td>...</td>\n",
       "      <td>...</td>\n",
       "      <td>...</td>\n",
       "      <td>...</td>\n",
       "      <td>...</td>\n",
       "      <td>...</td>\n",
       "      <td>...</td>\n",
       "      <td>...</td>\n",
       "      <td>...</td>\n",
       "      <td>...</td>\n",
       "      <td>...</td>\n",
       "      <td>...</td>\n",
       "      <td>...</td>\n",
       "      <td>...</td>\n",
       "    </tr>\n",
       "    <tr>\n",
       "      <th>220735</th>\n",
       "      <td>220736</td>\n",
       "      <td>7.803100e+11</td>\n",
       "      <td>7.803100e+11</td>\n",
       "      <td>78</td>\n",
       "      <td>30</td>\n",
       "      <td>961000</td>\n",
       "      <td>2</td>\n",
       "      <td>NaN</td>\n",
       "      <td>NaN</td>\n",
       "      <td>NaN</td>\n",
       "      <td>...</td>\n",
       "      <td>-99999.000000</td>\n",
       "      <td>-99999.000000</td>\n",
       "      <td>-99999.000000</td>\n",
       "      <td>1</td>\n",
       "      <td>1</td>\n",
       "      <td>20</td>\n",
       "      <td>1</td>\n",
       "      <td>7.333333</td>\n",
       "      <td>3414.446949</td>\n",
       "      <td>3.355857e+05</td>\n",
       "    </tr>\n",
       "    <tr>\n",
       "      <th>220736</th>\n",
       "      <td>220737</td>\n",
       "      <td>7.803100e+11</td>\n",
       "      <td>7.803100e+11</td>\n",
       "      <td>78</td>\n",
       "      <td>30</td>\n",
       "      <td>961000</td>\n",
       "      <td>3</td>\n",
       "      <td>NaN</td>\n",
       "      <td>NaN</td>\n",
       "      <td>NaN</td>\n",
       "      <td>...</td>\n",
       "      <td>-99999.000000</td>\n",
       "      <td>-99999.000000</td>\n",
       "      <td>-99999.000000</td>\n",
       "      <td>1</td>\n",
       "      <td>1</td>\n",
       "      <td>20</td>\n",
       "      <td>1</td>\n",
       "      <td>7.333333</td>\n",
       "      <td>2421.025608</td>\n",
       "      <td>2.924305e+05</td>\n",
       "    </tr>\n",
       "    <tr>\n",
       "      <th>220737</th>\n",
       "      <td>220738</td>\n",
       "      <td>7.803100e+11</td>\n",
       "      <td>7.803100e+11</td>\n",
       "      <td>78</td>\n",
       "      <td>30</td>\n",
       "      <td>961000</td>\n",
       "      <td>5</td>\n",
       "      <td>NaN</td>\n",
       "      <td>NaN</td>\n",
       "      <td>NaN</td>\n",
       "      <td>...</td>\n",
       "      <td>-99999.000000</td>\n",
       "      <td>-99999.000000</td>\n",
       "      <td>-99999.000000</td>\n",
       "      <td>1</td>\n",
       "      <td>1</td>\n",
       "      <td>20</td>\n",
       "      <td>1</td>\n",
       "      <td>7.333333</td>\n",
       "      <td>1955.909418</td>\n",
       "      <td>1.619395e+05</td>\n",
       "    </tr>\n",
       "    <tr>\n",
       "      <th>220738</th>\n",
       "      <td>220739</td>\n",
       "      <td>7.803100e+11</td>\n",
       "      <td>7.803100e+11</td>\n",
       "      <td>78</td>\n",
       "      <td>30</td>\n",
       "      <td>960700</td>\n",
       "      <td>3</td>\n",
       "      <td>NaN</td>\n",
       "      <td>NaN</td>\n",
       "      <td>NaN</td>\n",
       "      <td>...</td>\n",
       "      <td>-99999.000000</td>\n",
       "      <td>-99999.000000</td>\n",
       "      <td>-99999.000000</td>\n",
       "      <td>1</td>\n",
       "      <td>1</td>\n",
       "      <td>10</td>\n",
       "      <td>1</td>\n",
       "      <td>4.000000</td>\n",
       "      <td>16896.768870</td>\n",
       "      <td>1.038966e+07</td>\n",
       "    </tr>\n",
       "    <tr>\n",
       "      <th>220739</th>\n",
       "      <td>220740</td>\n",
       "      <td>7.803100e+11</td>\n",
       "      <td>7.803100e+11</td>\n",
       "      <td>78</td>\n",
       "      <td>30</td>\n",
       "      <td>960200</td>\n",
       "      <td>2</td>\n",
       "      <td>NaN</td>\n",
       "      <td>NaN</td>\n",
       "      <td>NaN</td>\n",
       "      <td>...</td>\n",
       "      <td>-99999.000000</td>\n",
       "      <td>-99999.000000</td>\n",
       "      <td>-99999.000000</td>\n",
       "      <td>1</td>\n",
       "      <td>1</td>\n",
       "      <td>12</td>\n",
       "      <td>1</td>\n",
       "      <td>4.666667</td>\n",
       "      <td>3890.488237</td>\n",
       "      <td>6.114601e+05</td>\n",
       "    </tr>\n",
       "  </tbody>\n",
       "</table>\n",
       "<p>220740 rows × 117 columns</p>\n",
       "</div>"
      ],
      "text/plain": [
       "        OBJECTID       GEOID10       GEOID20  STATEFP  COUNTYFP  TRACTCE  \\\n",
       "0              1  4.811300e+11  4.811300e+11       48       113     7825   \n",
       "1              2  4.811300e+11  4.811300e+11       48       113     7825   \n",
       "2              3  4.811300e+11  4.811300e+11       48       113     7825   \n",
       "3              4  4.811300e+11  4.811300e+11       48       113     7824   \n",
       "4              5  4.811300e+11  4.811300e+11       48       113     7824   \n",
       "...          ...           ...           ...      ...       ...      ...   \n",
       "220735    220736  7.803100e+11  7.803100e+11       78        30   961000   \n",
       "220736    220737  7.803100e+11  7.803100e+11       78        30   961000   \n",
       "220737    220738  7.803100e+11  7.803100e+11       78        30   961000   \n",
       "220738    220739  7.803100e+11  7.803100e+11       78        30   960700   \n",
       "220739    220740  7.803100e+11  7.803100e+11       78        30   960200   \n",
       "\n",
       "        BLKGRPCE    CSA                  CSA_Name     CBSA  ...         D5DRI  \\\n",
       "0              4  206.0  Dallas-Fort Worth, TX-OK  19100.0  ...      0.184697   \n",
       "1              2  206.0  Dallas-Fort Worth, TX-OK  19100.0  ...      0.323221   \n",
       "2              3  206.0  Dallas-Fort Worth, TX-OK  19100.0  ...      0.314628   \n",
       "3              1  206.0  Dallas-Fort Worth, TX-OK  19100.0  ...      0.229821   \n",
       "4              2  206.0  Dallas-Fort Worth, TX-OK  19100.0  ...      0.164863   \n",
       "...          ...    ...                       ...      ...  ...           ...   \n",
       "220735         2    NaN                       NaN      NaN  ... -99999.000000   \n",
       "220736         3    NaN                       NaN      NaN  ... -99999.000000   \n",
       "220737         5    NaN                       NaN      NaN  ... -99999.000000   \n",
       "220738         3    NaN                       NaN      NaN  ... -99999.000000   \n",
       "220739         2    NaN                       NaN      NaN  ... -99999.000000   \n",
       "\n",
       "                D5DE         D5DEI  D2A_Ranked  D2B_Ranked  D3B_Ranked  \\\n",
       "0           0.000476      0.137707           6          14          15   \n",
       "1           0.000801      0.231868           3          10          12   \n",
       "2           0.000736      0.213146           1           1           7   \n",
       "3           0.000708      0.205018          16          10          17   \n",
       "4           0.000433      0.125296           4           7          11   \n",
       "...              ...           ...         ...         ...         ...   \n",
       "220735 -99999.000000 -99999.000000           1           1          20   \n",
       "220736 -99999.000000 -99999.000000           1           1          20   \n",
       "220737 -99999.000000 -99999.000000           1           1          20   \n",
       "220738 -99999.000000 -99999.000000           1           1          10   \n",
       "220739 -99999.000000 -99999.000000           1           1          12   \n",
       "\n",
       "        D4A_Ranked  NatWalkInd  Shape_Length    Shape_Area  \n",
       "0               17   14.000000   3110.360820  2.978361e+05  \n",
       "1               14   10.833333   3519.469110  4.849451e+05  \n",
       "2               17    8.333333   1697.091802  1.067059e+05  \n",
       "3               17   15.666667   2922.609204  4.818284e+05  \n",
       "4               14   10.166667   3731.971773  6.876848e+05  \n",
       "...            ...         ...           ...           ...  \n",
       "220735           1    7.333333   3414.446949  3.355857e+05  \n",
       "220736           1    7.333333   2421.025608  2.924305e+05  \n",
       "220737           1    7.333333   1955.909418  1.619395e+05  \n",
       "220738           1    4.000000  16896.768870  1.038966e+07  \n",
       "220739           1    4.666667   3890.488237  6.114601e+05  \n",
       "\n",
       "[220740 rows x 117 columns]"
      ]
     },
     "execution_count": 2,
     "metadata": {},
     "output_type": "execute_result"
    }
   ],
   "source": [
    "df"
   ]
  },
  {
   "cell_type": "code",
   "execution_count": 3,
   "id": "f277958c-f739-4665-b47a-b9ee56cc5e3f",
   "metadata": {},
   "outputs": [
    {
     "data": {
      "text/html": [
       "<div>\n",
       "<style scoped>\n",
       "    .dataframe tbody tr th:only-of-type {\n",
       "        vertical-align: middle;\n",
       "    }\n",
       "\n",
       "    .dataframe tbody tr th {\n",
       "        vertical-align: top;\n",
       "    }\n",
       "\n",
       "    .dataframe thead th {\n",
       "        text-align: right;\n",
       "    }\n",
       "</style>\n",
       "<table border=\"1\" class=\"dataframe\">\n",
       "  <thead>\n",
       "    <tr style=\"text-align: right;\">\n",
       "      <th></th>\n",
       "      <th>NatWalkInd</th>\n",
       "      <th>STATEFP</th>\n",
       "      <th>COUNTYFP</th>\n",
       "      <th>D4A</th>\n",
       "      <th>TotEmp</th>\n",
       "      <th>TotPop</th>\n",
       "      <th>D2A_JPHH</th>\n",
       "      <th>D5AR</th>\n",
       "      <th>CBSA_POP</th>\n",
       "      <th>CBSA_EMP</th>\n",
       "      <th>Pct_AO0</th>\n",
       "      <th>D4C</th>\n",
       "      <th>Pct_AO1</th>\n",
       "      <th>Pct_AO2p</th>\n",
       "      <th>D3APO</th>\n",
       "      <th>D3AAO</th>\n",
       "      <th>D4D</th>\n",
       "    </tr>\n",
       "  </thead>\n",
       "  <tbody>\n",
       "    <tr>\n",
       "      <th>NatWalkInd</th>\n",
       "      <td>1.000000</td>\n",
       "      <td>-0.134779</td>\n",
       "      <td>-0.066454</td>\n",
       "      <td>0.832707</td>\n",
       "      <td>0.127034</td>\n",
       "      <td>-0.030031</td>\n",
       "      <td>0.015446</td>\n",
       "      <td>0.491300</td>\n",
       "      <td>0.366214</td>\n",
       "      <td>0.368178</td>\n",
       "      <td>0.323232</td>\n",
       "      <td>0.712516</td>\n",
       "      <td>0.322631</td>\n",
       "      <td>-0.377165</td>\n",
       "      <td>0.690991</td>\n",
       "      <td>0.148939</td>\n",
       "      <td>0.712866</td>\n",
       "    </tr>\n",
       "    <tr>\n",
       "      <th>STATEFP</th>\n",
       "      <td>-0.134779</td>\n",
       "      <td>1.000000</td>\n",
       "      <td>0.216324</td>\n",
       "      <td>-0.134578</td>\n",
       "      <td>-0.015501</td>\n",
       "      <td>-0.048606</td>\n",
       "      <td>-0.000392</td>\n",
       "      <td>-0.020318</td>\n",
       "      <td>-0.062059</td>\n",
       "      <td>-0.061690</td>\n",
       "      <td>0.054730</td>\n",
       "      <td>-0.110906</td>\n",
       "      <td>-0.012387</td>\n",
       "      <td>-0.050742</td>\n",
       "      <td>-0.084607</td>\n",
       "      <td>-0.033611</td>\n",
       "      <td>-0.109459</td>\n",
       "    </tr>\n",
       "    <tr>\n",
       "      <th>COUNTYFP</th>\n",
       "      <td>-0.066454</td>\n",
       "      <td>0.216324</td>\n",
       "      <td>1.000000</td>\n",
       "      <td>-0.083639</td>\n",
       "      <td>0.003627</td>\n",
       "      <td>0.011567</td>\n",
       "      <td>0.001160</td>\n",
       "      <td>-0.075078</td>\n",
       "      <td>-0.108830</td>\n",
       "      <td>-0.109154</td>\n",
       "      <td>-0.028440</td>\n",
       "      <td>-0.093347</td>\n",
       "      <td>0.012567</td>\n",
       "      <td>0.015195</td>\n",
       "      <td>-0.029250</td>\n",
       "      <td>0.018486</td>\n",
       "      <td>-0.094072</td>\n",
       "    </tr>\n",
       "    <tr>\n",
       "      <th>D4A</th>\n",
       "      <td>0.832707</td>\n",
       "      <td>-0.134578</td>\n",
       "      <td>-0.083639</td>\n",
       "      <td>1.000000</td>\n",
       "      <td>0.063529</td>\n",
       "      <td>-0.053992</td>\n",
       "      <td>0.012515</td>\n",
       "      <td>0.508190</td>\n",
       "      <td>0.374956</td>\n",
       "      <td>0.375290</td>\n",
       "      <td>0.296671</td>\n",
       "      <td>0.825678</td>\n",
       "      <td>0.237801</td>\n",
       "      <td>-0.329760</td>\n",
       "      <td>0.508039</td>\n",
       "      <td>0.137619</td>\n",
       "      <td>0.826264</td>\n",
       "    </tr>\n",
       "    <tr>\n",
       "      <th>TotEmp</th>\n",
       "      <td>0.127034</td>\n",
       "      <td>-0.015501</td>\n",
       "      <td>0.003627</td>\n",
       "      <td>0.063529</td>\n",
       "      <td>1.000000</td>\n",
       "      <td>0.118002</td>\n",
       "      <td>0.185175</td>\n",
       "      <td>0.062681</td>\n",
       "      <td>0.023799</td>\n",
       "      <td>0.024988</td>\n",
       "      <td>0.059531</td>\n",
       "      <td>0.094480</td>\n",
       "      <td>0.071493</td>\n",
       "      <td>-0.094047</td>\n",
       "      <td>-0.010764</td>\n",
       "      <td>0.136982</td>\n",
       "      <td>0.094996</td>\n",
       "    </tr>\n",
       "    <tr>\n",
       "      <th>TotPop</th>\n",
       "      <td>-0.030031</td>\n",
       "      <td>-0.048606</td>\n",
       "      <td>0.011567</td>\n",
       "      <td>-0.053992</td>\n",
       "      <td>0.118002</td>\n",
       "      <td>1.000000</td>\n",
       "      <td>-0.009270</td>\n",
       "      <td>-0.013203</td>\n",
       "      <td>0.030174</td>\n",
       "      <td>0.026742</td>\n",
       "      <td>-0.108947</td>\n",
       "      <td>0.007878</td>\n",
       "      <td>-0.114681</td>\n",
       "      <td>0.182954</td>\n",
       "      <td>-0.076467</td>\n",
       "      <td>0.029152</td>\n",
       "      <td>0.007130</td>\n",
       "    </tr>\n",
       "    <tr>\n",
       "      <th>D2A_JPHH</th>\n",
       "      <td>0.015446</td>\n",
       "      <td>-0.000392</td>\n",
       "      <td>0.001160</td>\n",
       "      <td>0.012515</td>\n",
       "      <td>0.185175</td>\n",
       "      <td>-0.009270</td>\n",
       "      <td>1.000000</td>\n",
       "      <td>0.012610</td>\n",
       "      <td>0.005320</td>\n",
       "      <td>0.005488</td>\n",
       "      <td>0.011008</td>\n",
       "      <td>0.018461</td>\n",
       "      <td>0.012023</td>\n",
       "      <td>-0.013258</td>\n",
       "      <td>0.010163</td>\n",
       "      <td>0.022270</td>\n",
       "      <td>0.018580</td>\n",
       "    </tr>\n",
       "    <tr>\n",
       "      <th>D5AR</th>\n",
       "      <td>0.491300</td>\n",
       "      <td>-0.020318</td>\n",
       "      <td>-0.075078</td>\n",
       "      <td>0.508190</td>\n",
       "      <td>0.062681</td>\n",
       "      <td>-0.013203</td>\n",
       "      <td>0.012610</td>\n",
       "      <td>1.000000</td>\n",
       "      <td>0.794525</td>\n",
       "      <td>0.797659</td>\n",
       "      <td>0.468131</td>\n",
       "      <td>0.484951</td>\n",
       "      <td>0.089297</td>\n",
       "      <td>-0.341278</td>\n",
       "      <td>0.327652</td>\n",
       "      <td>0.168936</td>\n",
       "      <td>0.494399</td>\n",
       "    </tr>\n",
       "    <tr>\n",
       "      <th>CBSA_POP</th>\n",
       "      <td>0.366214</td>\n",
       "      <td>-0.062059</td>\n",
       "      <td>-0.108830</td>\n",
       "      <td>0.374956</td>\n",
       "      <td>0.023799</td>\n",
       "      <td>0.030174</td>\n",
       "      <td>0.005320</td>\n",
       "      <td>0.794525</td>\n",
       "      <td>1.000000</td>\n",
       "      <td>0.998440</td>\n",
       "      <td>0.306232</td>\n",
       "      <td>0.374718</td>\n",
       "      <td>-0.013838</td>\n",
       "      <td>-0.187336</td>\n",
       "      <td>0.259162</td>\n",
       "      <td>0.099134</td>\n",
       "      <td>0.381313</td>\n",
       "    </tr>\n",
       "    <tr>\n",
       "      <th>CBSA_EMP</th>\n",
       "      <td>0.368178</td>\n",
       "      <td>-0.061690</td>\n",
       "      <td>-0.109154</td>\n",
       "      <td>0.375290</td>\n",
       "      <td>0.024988</td>\n",
       "      <td>0.026742</td>\n",
       "      <td>0.005488</td>\n",
       "      <td>0.797659</td>\n",
       "      <td>0.998440</td>\n",
       "      <td>1.000000</td>\n",
       "      <td>0.305712</td>\n",
       "      <td>0.375838</td>\n",
       "      <td>-0.016723</td>\n",
       "      <td>-0.184832</td>\n",
       "      <td>0.256342</td>\n",
       "      <td>0.097126</td>\n",
       "      <td>0.382456</td>\n",
       "    </tr>\n",
       "    <tr>\n",
       "      <th>Pct_AO0</th>\n",
       "      <td>0.323232</td>\n",
       "      <td>0.054730</td>\n",
       "      <td>-0.028440</td>\n",
       "      <td>0.296671</td>\n",
       "      <td>0.059531</td>\n",
       "      <td>-0.108947</td>\n",
       "      <td>0.011008</td>\n",
       "      <td>0.468131</td>\n",
       "      <td>0.306232</td>\n",
       "      <td>0.305712</td>\n",
       "      <td>1.000000</td>\n",
       "      <td>0.256174</td>\n",
       "      <td>0.129805</td>\n",
       "      <td>-0.680834</td>\n",
       "      <td>0.178915</td>\n",
       "      <td>0.079007</td>\n",
       "      <td>0.267130</td>\n",
       "    </tr>\n",
       "    <tr>\n",
       "      <th>D4C</th>\n",
       "      <td>0.712516</td>\n",
       "      <td>-0.110906</td>\n",
       "      <td>-0.093347</td>\n",
       "      <td>0.825678</td>\n",
       "      <td>0.094480</td>\n",
       "      <td>0.007878</td>\n",
       "      <td>0.018461</td>\n",
       "      <td>0.484951</td>\n",
       "      <td>0.374718</td>\n",
       "      <td>0.375838</td>\n",
       "      <td>0.256174</td>\n",
       "      <td>1.000000</td>\n",
       "      <td>0.190602</td>\n",
       "      <td>-0.273825</td>\n",
       "      <td>0.423215</td>\n",
       "      <td>0.138992</td>\n",
       "      <td>0.999668</td>\n",
       "    </tr>\n",
       "    <tr>\n",
       "      <th>Pct_AO1</th>\n",
       "      <td>0.322631</td>\n",
       "      <td>-0.012387</td>\n",
       "      <td>0.012567</td>\n",
       "      <td>0.237801</td>\n",
       "      <td>0.071493</td>\n",
       "      <td>-0.114681</td>\n",
       "      <td>0.012023</td>\n",
       "      <td>0.089297</td>\n",
       "      <td>-0.013838</td>\n",
       "      <td>-0.016723</td>\n",
       "      <td>0.129805</td>\n",
       "      <td>0.190602</td>\n",
       "      <td>1.000000</td>\n",
       "      <td>-0.683824</td>\n",
       "      <td>0.272461</td>\n",
       "      <td>0.086938</td>\n",
       "      <td>0.189147</td>\n",
       "    </tr>\n",
       "    <tr>\n",
       "      <th>Pct_AO2p</th>\n",
       "      <td>-0.377165</td>\n",
       "      <td>-0.050742</td>\n",
       "      <td>0.015195</td>\n",
       "      <td>-0.329760</td>\n",
       "      <td>-0.094047</td>\n",
       "      <td>0.182954</td>\n",
       "      <td>-0.013258</td>\n",
       "      <td>-0.341278</td>\n",
       "      <td>-0.187336</td>\n",
       "      <td>-0.184832</td>\n",
       "      <td>-0.680834</td>\n",
       "      <td>-0.273825</td>\n",
       "      <td>-0.683824</td>\n",
       "      <td>1.000000</td>\n",
       "      <td>-0.272773</td>\n",
       "      <td>-0.107599</td>\n",
       "      <td>-0.279681</td>\n",
       "    </tr>\n",
       "    <tr>\n",
       "      <th>D3APO</th>\n",
       "      <td>0.690991</td>\n",
       "      <td>-0.084607</td>\n",
       "      <td>-0.029250</td>\n",
       "      <td>0.508039</td>\n",
       "      <td>-0.010764</td>\n",
       "      <td>-0.076467</td>\n",
       "      <td>0.010163</td>\n",
       "      <td>0.327652</td>\n",
       "      <td>0.259162</td>\n",
       "      <td>0.256342</td>\n",
       "      <td>0.178915</td>\n",
       "      <td>0.423215</td>\n",
       "      <td>0.272461</td>\n",
       "      <td>-0.272773</td>\n",
       "      <td>1.000000</td>\n",
       "      <td>0.039293</td>\n",
       "      <td>0.421719</td>\n",
       "    </tr>\n",
       "    <tr>\n",
       "      <th>D3AAO</th>\n",
       "      <td>0.148939</td>\n",
       "      <td>-0.033611</td>\n",
       "      <td>0.018486</td>\n",
       "      <td>0.137619</td>\n",
       "      <td>0.136982</td>\n",
       "      <td>0.029152</td>\n",
       "      <td>0.022270</td>\n",
       "      <td>0.168936</td>\n",
       "      <td>0.099134</td>\n",
       "      <td>0.097126</td>\n",
       "      <td>0.079007</td>\n",
       "      <td>0.138992</td>\n",
       "      <td>0.086938</td>\n",
       "      <td>-0.107599</td>\n",
       "      <td>0.039293</td>\n",
       "      <td>1.000000</td>\n",
       "      <td>0.140052</td>\n",
       "    </tr>\n",
       "    <tr>\n",
       "      <th>D4D</th>\n",
       "      <td>0.712866</td>\n",
       "      <td>-0.109459</td>\n",
       "      <td>-0.094072</td>\n",
       "      <td>0.826264</td>\n",
       "      <td>0.094996</td>\n",
       "      <td>0.007130</td>\n",
       "      <td>0.018580</td>\n",
       "      <td>0.494399</td>\n",
       "      <td>0.381313</td>\n",
       "      <td>0.382456</td>\n",
       "      <td>0.267130</td>\n",
       "      <td>0.999668</td>\n",
       "      <td>0.189147</td>\n",
       "      <td>-0.279681</td>\n",
       "      <td>0.421719</td>\n",
       "      <td>0.140052</td>\n",
       "      <td>1.000000</td>\n",
       "    </tr>\n",
       "  </tbody>\n",
       "</table>\n",
       "</div>"
      ],
      "text/plain": [
       "            NatWalkInd   STATEFP  COUNTYFP       D4A    TotEmp    TotPop  \\\n",
       "NatWalkInd    1.000000 -0.134779 -0.066454  0.832707  0.127034 -0.030031   \n",
       "STATEFP      -0.134779  1.000000  0.216324 -0.134578 -0.015501 -0.048606   \n",
       "COUNTYFP     -0.066454  0.216324  1.000000 -0.083639  0.003627  0.011567   \n",
       "D4A           0.832707 -0.134578 -0.083639  1.000000  0.063529 -0.053992   \n",
       "TotEmp        0.127034 -0.015501  0.003627  0.063529  1.000000  0.118002   \n",
       "TotPop       -0.030031 -0.048606  0.011567 -0.053992  0.118002  1.000000   \n",
       "D2A_JPHH      0.015446 -0.000392  0.001160  0.012515  0.185175 -0.009270   \n",
       "D5AR          0.491300 -0.020318 -0.075078  0.508190  0.062681 -0.013203   \n",
       "CBSA_POP      0.366214 -0.062059 -0.108830  0.374956  0.023799  0.030174   \n",
       "CBSA_EMP      0.368178 -0.061690 -0.109154  0.375290  0.024988  0.026742   \n",
       "Pct_AO0       0.323232  0.054730 -0.028440  0.296671  0.059531 -0.108947   \n",
       "D4C           0.712516 -0.110906 -0.093347  0.825678  0.094480  0.007878   \n",
       "Pct_AO1       0.322631 -0.012387  0.012567  0.237801  0.071493 -0.114681   \n",
       "Pct_AO2p     -0.377165 -0.050742  0.015195 -0.329760 -0.094047  0.182954   \n",
       "D3APO         0.690991 -0.084607 -0.029250  0.508039 -0.010764 -0.076467   \n",
       "D3AAO         0.148939 -0.033611  0.018486  0.137619  0.136982  0.029152   \n",
       "D4D           0.712866 -0.109459 -0.094072  0.826264  0.094996  0.007130   \n",
       "\n",
       "            D2A_JPHH      D5AR  CBSA_POP  CBSA_EMP   Pct_AO0       D4C  \\\n",
       "NatWalkInd  0.015446  0.491300  0.366214  0.368178  0.323232  0.712516   \n",
       "STATEFP    -0.000392 -0.020318 -0.062059 -0.061690  0.054730 -0.110906   \n",
       "COUNTYFP    0.001160 -0.075078 -0.108830 -0.109154 -0.028440 -0.093347   \n",
       "D4A         0.012515  0.508190  0.374956  0.375290  0.296671  0.825678   \n",
       "TotEmp      0.185175  0.062681  0.023799  0.024988  0.059531  0.094480   \n",
       "TotPop     -0.009270 -0.013203  0.030174  0.026742 -0.108947  0.007878   \n",
       "D2A_JPHH    1.000000  0.012610  0.005320  0.005488  0.011008  0.018461   \n",
       "D5AR        0.012610  1.000000  0.794525  0.797659  0.468131  0.484951   \n",
       "CBSA_POP    0.005320  0.794525  1.000000  0.998440  0.306232  0.374718   \n",
       "CBSA_EMP    0.005488  0.797659  0.998440  1.000000  0.305712  0.375838   \n",
       "Pct_AO0     0.011008  0.468131  0.306232  0.305712  1.000000  0.256174   \n",
       "D4C         0.018461  0.484951  0.374718  0.375838  0.256174  1.000000   \n",
       "Pct_AO1     0.012023  0.089297 -0.013838 -0.016723  0.129805  0.190602   \n",
       "Pct_AO2p   -0.013258 -0.341278 -0.187336 -0.184832 -0.680834 -0.273825   \n",
       "D3APO       0.010163  0.327652  0.259162  0.256342  0.178915  0.423215   \n",
       "D3AAO       0.022270  0.168936  0.099134  0.097126  0.079007  0.138992   \n",
       "D4D         0.018580  0.494399  0.381313  0.382456  0.267130  0.999668   \n",
       "\n",
       "             Pct_AO1  Pct_AO2p     D3APO     D3AAO       D4D  \n",
       "NatWalkInd  0.322631 -0.377165  0.690991  0.148939  0.712866  \n",
       "STATEFP    -0.012387 -0.050742 -0.084607 -0.033611 -0.109459  \n",
       "COUNTYFP    0.012567  0.015195 -0.029250  0.018486 -0.094072  \n",
       "D4A         0.237801 -0.329760  0.508039  0.137619  0.826264  \n",
       "TotEmp      0.071493 -0.094047 -0.010764  0.136982  0.094996  \n",
       "TotPop     -0.114681  0.182954 -0.076467  0.029152  0.007130  \n",
       "D2A_JPHH    0.012023 -0.013258  0.010163  0.022270  0.018580  \n",
       "D5AR        0.089297 -0.341278  0.327652  0.168936  0.494399  \n",
       "CBSA_POP   -0.013838 -0.187336  0.259162  0.099134  0.381313  \n",
       "CBSA_EMP   -0.016723 -0.184832  0.256342  0.097126  0.382456  \n",
       "Pct_AO0     0.129805 -0.680834  0.178915  0.079007  0.267130  \n",
       "D4C         0.190602 -0.273825  0.423215  0.138992  0.999668  \n",
       "Pct_AO1     1.000000 -0.683824  0.272461  0.086938  0.189147  \n",
       "Pct_AO2p   -0.683824  1.000000 -0.272773 -0.107599 -0.279681  \n",
       "D3APO       0.272461 -0.272773  1.000000  0.039293  0.421719  \n",
       "D3AAO       0.086938 -0.107599  0.039293  1.000000  0.140052  \n",
       "D4D         0.189147 -0.279681  0.421719  0.140052  1.000000  "
      ]
     },
     "execution_count": 3,
     "metadata": {},
     "output_type": "execute_result"
    }
   ],
   "source": [
    "new = df[['NatWalkInd', 'STATEFP', 'COUNTYFP', 'D4A', 'TotEmp', 'TotPop', 'D2A_JPHH', 'D5AR', 'CBSA_POP', 'CBSA_EMP','Pct_AO0', 'D4C', 'Pct_AO1','Pct_AO2p','D3APO','D3AAO','D4D']]\n",
    "new.corr()"
   ]
  },
  {
   "cell_type": "code",
   "execution_count": 4,
   "id": "38025053-a3b9-4840-bc57-0498639391c0",
   "metadata": {},
   "outputs": [
    {
     "data": {
      "text/html": [
       "<div>\n",
       "<style scoped>\n",
       "    .dataframe tbody tr th:only-of-type {\n",
       "        vertical-align: middle;\n",
       "    }\n",
       "\n",
       "    .dataframe tbody tr th {\n",
       "        vertical-align: top;\n",
       "    }\n",
       "\n",
       "    .dataframe thead th {\n",
       "        text-align: right;\n",
       "    }\n",
       "</style>\n",
       "<table border=\"1\" class=\"dataframe\">\n",
       "  <thead>\n",
       "    <tr style=\"text-align: right;\">\n",
       "      <th></th>\n",
       "      <th>NatWalkInd</th>\n",
       "      <th>STATEFP</th>\n",
       "      <th>COUNTYFP</th>\n",
       "      <th>D4A</th>\n",
       "      <th>TotEmp</th>\n",
       "      <th>TotPop</th>\n",
       "      <th>D2A_JPHH</th>\n",
       "      <th>D5AR</th>\n",
       "      <th>CBSA_POP</th>\n",
       "      <th>CBSA_EMP</th>\n",
       "      <th>Pct_AO0</th>\n",
       "      <th>D4C</th>\n",
       "      <th>Pct_AO1</th>\n",
       "      <th>Pct_AO2p</th>\n",
       "      <th>D3APO</th>\n",
       "      <th>D3AAO</th>\n",
       "      <th>D4D</th>\n",
       "    </tr>\n",
       "  </thead>\n",
       "  <tbody>\n",
       "    <tr>\n",
       "      <th>0</th>\n",
       "      <td>14.000000</td>\n",
       "      <td>48</td>\n",
       "      <td>113</td>\n",
       "      <td>362.10</td>\n",
       "      <td>66</td>\n",
       "      <td>1202</td>\n",
       "      <td>0.156028</td>\n",
       "      <td>433601</td>\n",
       "      <td>7189384</td>\n",
       "      <td>3545715</td>\n",
       "      <td>0.163121</td>\n",
       "      <td>4.33</td>\n",
       "      <td>0.092199</td>\n",
       "      <td>0.744681</td>\n",
       "      <td>12.879623</td>\n",
       "      <td>0.000000</td>\n",
       "      <td>37.654717</td>\n",
       "    </tr>\n",
       "    <tr>\n",
       "      <th>1</th>\n",
       "      <td>10.833333</td>\n",
       "      <td>48</td>\n",
       "      <td>113</td>\n",
       "      <td>718.84</td>\n",
       "      <td>25</td>\n",
       "      <td>710</td>\n",
       "      <td>0.061125</td>\n",
       "      <td>386504</td>\n",
       "      <td>7189384</td>\n",
       "      <td>3545715</td>\n",
       "      <td>0.000000</td>\n",
       "      <td>4.33</td>\n",
       "      <td>0.410758</td>\n",
       "      <td>0.589242</td>\n",
       "      <td>19.278747</td>\n",
       "      <td>0.755137</td>\n",
       "      <td>23.126113</td>\n",
       "    </tr>\n",
       "    <tr>\n",
       "      <th>2</th>\n",
       "      <td>8.333333</td>\n",
       "      <td>48</td>\n",
       "      <td>113</td>\n",
       "      <td>398.31</td>\n",
       "      <td>0</td>\n",
       "      <td>737</td>\n",
       "      <td>0.000000</td>\n",
       "      <td>404573</td>\n",
       "      <td>7189384</td>\n",
       "      <td>3545715</td>\n",
       "      <td>0.057751</td>\n",
       "      <td>3.00</td>\n",
       "      <td>0.434650</td>\n",
       "      <td>0.507599</td>\n",
       "      <td>5.470714</td>\n",
       "      <td>6.128365</td>\n",
       "      <td>72.818150</td>\n",
       "    </tr>\n",
       "    <tr>\n",
       "      <th>3</th>\n",
       "      <td>15.666667</td>\n",
       "      <td>48</td>\n",
       "      <td>113</td>\n",
       "      <td>386.24</td>\n",
       "      <td>253</td>\n",
       "      <td>904</td>\n",
       "      <td>0.658854</td>\n",
       "      <td>423099</td>\n",
       "      <td>7189384</td>\n",
       "      <td>3545715</td>\n",
       "      <td>0.000000</td>\n",
       "      <td>6.67</td>\n",
       "      <td>0.111979</td>\n",
       "      <td>0.888021</td>\n",
       "      <td>20.646233</td>\n",
       "      <td>2.208594</td>\n",
       "      <td>35.853984</td>\n",
       "    </tr>\n",
       "    <tr>\n",
       "      <th>4</th>\n",
       "      <td>10.166667</td>\n",
       "      <td>48</td>\n",
       "      <td>113</td>\n",
       "      <td>638.37</td>\n",
       "      <td>32</td>\n",
       "      <td>948</td>\n",
       "      <td>0.093294</td>\n",
       "      <td>335700</td>\n",
       "      <td>7189384</td>\n",
       "      <td>3545715</td>\n",
       "      <td>0.014577</td>\n",
       "      <td>6.67</td>\n",
       "      <td>0.195335</td>\n",
       "      <td>0.790087</td>\n",
       "      <td>16.592921</td>\n",
       "      <td>2.289659</td>\n",
       "      <td>25.121345</td>\n",
       "    </tr>\n",
       "    <tr>\n",
       "      <th>...</th>\n",
       "      <td>...</td>\n",
       "      <td>...</td>\n",
       "      <td>...</td>\n",
       "      <td>...</td>\n",
       "      <td>...</td>\n",
       "      <td>...</td>\n",
       "      <td>...</td>\n",
       "      <td>...</td>\n",
       "      <td>...</td>\n",
       "      <td>...</td>\n",
       "      <td>...</td>\n",
       "      <td>...</td>\n",
       "      <td>...</td>\n",
       "      <td>...</td>\n",
       "      <td>...</td>\n",
       "      <td>...</td>\n",
       "      <td>...</td>\n",
       "    </tr>\n",
       "    <tr>\n",
       "      <th>220735</th>\n",
       "      <td>7.333333</td>\n",
       "      <td>78</td>\n",
       "      <td>30</td>\n",
       "      <td>-99999.00</td>\n",
       "      <td>0</td>\n",
       "      <td>1471</td>\n",
       "      <td>0.000000</td>\n",
       "      <td>0</td>\n",
       "      <td>0</td>\n",
       "      <td>0</td>\n",
       "      <td>0.000000</td>\n",
       "      <td>-99999.00</td>\n",
       "      <td>0.000000</td>\n",
       "      <td>0.000000</td>\n",
       "      <td>33.948142</td>\n",
       "      <td>0.000000</td>\n",
       "      <td>-99999.000000</td>\n",
       "    </tr>\n",
       "    <tr>\n",
       "      <th>220736</th>\n",
       "      <td>7.333333</td>\n",
       "      <td>78</td>\n",
       "      <td>30</td>\n",
       "      <td>-99999.00</td>\n",
       "      <td>0</td>\n",
       "      <td>940</td>\n",
       "      <td>0.000000</td>\n",
       "      <td>0</td>\n",
       "      <td>0</td>\n",
       "      <td>0</td>\n",
       "      <td>0.000000</td>\n",
       "      <td>-99999.00</td>\n",
       "      <td>0.000000</td>\n",
       "      <td>0.000000</td>\n",
       "      <td>39.675163</td>\n",
       "      <td>0.000000</td>\n",
       "      <td>-99999.000000</td>\n",
       "    </tr>\n",
       "    <tr>\n",
       "      <th>220737</th>\n",
       "      <td>7.333333</td>\n",
       "      <td>78</td>\n",
       "      <td>30</td>\n",
       "      <td>-99999.00</td>\n",
       "      <td>0</td>\n",
       "      <td>878</td>\n",
       "      <td>0.000000</td>\n",
